#So luong nut la la
50
#Toa do cac nut
4.178769109865996 7.9197186335237415 0.0
15.353368888769548 4.951585616879668 0.0
7.338825007908821 5.312272181474278 0.0
18.580726731701787 6.772559627376749 0.0
14.514996542345044 4.59243419532639 0.0
4.134594632725252 9.169634010693569 0.0
6.460094742602829 10.988444793821559 0.0
17.08430019510983 11.224299859265201 0.0
0.290564187057445 11.817431845739728 0.0
17.802164451168494 1.9531711473592854 0.0
13.325912677928942 14.324196826745144 0.0
5.3689425256482535 8.790753931194237 0.0
5.270285127923712 5.757083918281962 0.0
3.875534080891007 3.1060967251336447 0.0
1.720482672929748 14.886832046061393 0.0
15.223909554727596 0.2508075558367222 0.0
18.96124524801681 2.073971887230411 0.0
18.698426017588645 17.48599631652464 0.0
11.65455002119165 18.71963757872084 0.0
3.790953572349871 19.665717024584037 0.0
7.56968932099382 4.104598386498269 0.0
15.576474282757069 7.702097257621498 0.0
1.1176969745475018 7.222600141401231 0.0
7.156885942250488 17.99513643332499 0.0
8.725667640010744 19.399166880949558 0.0
12.47181786420359 17.241102241683738 0.0
6.734284109141979 1.830818518364072 0.0
12.579483636967492 11.918129688183448 0.0
2.9334835709546208 0.039961622257705165 0.0
2.247475760068451 15.55195194964521 0.0
16.801532845211113 5.038670490782658 0.0
10.605436818273684 2.5820801801951734 0.0
5.301908271469446 7.341378760818927 0.0
1.6245236815835804 8.144327539876516 0.0
7.665295709168388 7.872588732362793 0.0
10.308903179994552 7.835761810756527 0.0
2.8881316903358676 6.000284840965093 0.0
9.657722637906076 5.718471420417525 0.0
15.417821589608392 8.657594734468715 0.0
6.818264688266407 8.544809765829918 0.0
17.810085074592635 9.111953464665357 0.0
3.1553039854359293 17.328556387993842 0.0
3.1535644360580686 6.477429415309216 0.0
1.6180066054973024 1.744288459885802 0.0
13.943833022029386 2.5456316876540033 0.0
2.782358558781399 12.773591595569421 0.0
18.134583516623834 0.22399910777741783 0.0
13.592005688862507 5.941984803675578 0.0
16.655488682385418 3.434648116056957 0.0
13.355099904996976 8.764070163679158 0.0
#Ma tran yeu cau D
#source_index dest_index bw don vi Mbps
0 0 0
0 1 27
0 2 48
0 3 6
0 4 11
0 5 172
0 6 64
0 7 18
0 8 23
0 9 22
0 10 9
0 11 52
0 12 99
0 13 63
0 14 43
0 15 5
0 16 1
0 17 20
0 18 6
0 19 27
0 20 10
0 21 7
0 22 112
0 23 7
0 24 25
0 25 26
0 26 20
0 27 42
0 28 17
0 29 17
0 30 19
0 31 1
0 32 248
0 33 46
0 34 105
0 35 47
0 36 83
0 37 27
0 38 13
0 39 1
0 40 23
0 41 2
0 42 127
0 43 15
0 44 17
0 45 17
0 46 16
0 47 10
0 48 9
0 49 15
1 0 33
1 1 0
1 2 14
1 3 75
1 4 366
1 5 1
1 6 11
1 7 16
1 8 13
1 9 95
1 10 28
1 11 33
1 12 17
1 13 23
1 14 6
1 15 35
1 16 64
1 17 4
1 18 18
1 19 17
1 20 30
1 21 86
1 22 23
1 23 18
1 24 0
1 25 6
1 26 27
1 27 47
1 28 2
1 29 15
1 30 139
1 31 44
1 32 21
1 33 16
1 34 34
1 35 68
1 36 25
1 37 55
1 38 90
1 39 2
1 40 74
1 41 11
1 42 19
1 43 21
1 44 64
1 45 2
1 46 2
1 47 90
1 48 184
1 49 80
2 0 27
2 1 27
2 2 0
2 3 1
2 4 50
2 5 15
2 6 28
2 7 9
2 8 4
2 9 25
2 10 1
2 11 62
2 12 90
2 13 31
2 14 21
2 15 5
2 16 1
2 17 15
2 18 10
2 19 0
2 20 161
2 21 32
2 22 55
2 23 27
2 24 6
2 25 1
2 26 23
2 27 42
2 28 30
2 29 31
2 30 37
2 31 79
2 32 127
2 33 25
2 34 99
2 35 86
2 36 9
2 37 62
2 38 12
2 39 23
2 40 23
2 41 10
2 42 3
2 43 10
2 44 42
2 45 44
2 46 22
2 47 24
2 48 4
2 49 46
3 0 7
3 1 50
3 2 14
3 3 0
3 4 52
3 5 17
3 6 4
3 7 61
3 8 20
3 9 46
3 10 24
3 11 29
3 12 21
3 13 20
3 14 12
3 15 16
3 16 23
3 17 14
3 18 13
3 19 4
3 20 18
3 21 11
3 22 3
3 23 0
3 24 11
3 25 32
3 26 27
3 27 7
3 28 12
3 29 19
3 30 76
3 31 15
3 32 16
3 33 14
3 34 16
3 35 29
3 36 22
3 37 10
3 38 103
3 39 8
3 40 152
3 41 8
3 42 3
3 43 19
3 44 52
3 45 9
3 46 28
3 47 10
3 48 71
3 49 52
4 0 9
4 1 133
4 2 21
4 3 53
4 4 0
4 5 34
4 6 24
4 7 34
4 8 3
4 9 83
4 10 22
4 11 36
4 12 12
4 13 34
4 14 9
4 15 88
4 16 60
4 17 16
4 18 14
4 19 8
4 20 25
4 21 86
4 22 23
4 23 2
4 24 15
4 25 17
4 26 27
4 27 9
4 28 9
4 29 6
4 30 28
4 31 80
4 32 5
4 33 12
4 34 31
4 35 60
4 36 15
4 37 42
4 38 15
4 39 17
4 40 43
4 41 18
4 42 25
4 43 1
4 44 6
4 45 2
4 46 55
4 47 123
4 48 50
4 49 26
5 0 77
5 1 28
5 2 13
5 3 2
5 4 0
5 5 0
5 6 6
5 7 2
5 8 1
5 9 6
5 10 36
5 11 72
5 12 81
5 13 65
5 14 24
5 15 20
5 16 18
5 17 21
5 18 2
5 19 16
5 20 31
5 21 17
5 22 65
5 23 18
5 24 1
5 25 33
5 26 28
5 27 2
5 28 28
5 29 13
5 30 28
5 31 17
5 32 68
5 33 16
5 34 98
5 35 51
5 36 81
5 37 31
5 38 22
5 39 139
5 40 18
5 41 11
5 42 117
5 43 13
5 44 29
5 45 26
5 46 4
5 47 15
5 48 16
5 49 1
6 0 53
6 1 30
6 2 44
6 3 17
6 4 20
6 5 125
6 6 0
6 7 5
6 8 21
6 9 23
6 10 46
6 11 44
6 12 33
6 13 2
6 14 23
6 15 18
6 16 19
6 17 19
6 18 33
6 19 18
6 20 11
6 21 37
6 22 18
6 23 7
6 24 41
6 25 44
6 26 13
6 27 2
6 28 9
6 29 25
6 30 30
6 31 5
6 32 88
6 33 19
6 34 51
6 35 53
6 36 16
6 37 46
6 38 31
6 39 57
6 40 7
6 41 3
6 42 17
6 43 25
6 44 1
6 45 21
6 46 8
6 47 12
6 48 23
6 49 2
7 0 12
7 1 36
7 2 22
7 3 83
7 4 49
7 5 8
7 6 18
7 7 0
7 8 21
7 9 3
7 10 69
7 11 24
7 12 8
7 13 13
7 14 19
7 15 8
7 16 32
7 17 0
7 18 33
7 19 22
7 20 25
7 21 47
7 22 11
7 23 2
7 24 33
7 25 41
7 26 23
7 27 21
7 28 15
7 29 15
7 30 21
7 31 28
7 32 31
7 33 21
7 34 14
7 35 22
7 36 16
7 37 25
7 38 47
7 39 30
7 40 58
7 41 24
7 42 12
7 43 1
7 44 7
7 45 18
7 46 10
7 47 13
7 48 9
7 49 62
8 0 15
8 1 22
8 2 18
8 3 5
8 4 10
8 5 2
8 6 43
8 7 21
8 8 0
8 9 6
8 10 18
8 11 26
8 12 1
8 13 16
8 14 70
8 15 16
8 16 14
8 17 17
8 18 22
8 19 35
8 20 12
8 21 13
8 22 21
8 23 12
8 24 17
8 25 23
8 26 21
8 27 24
8 28 3
8 29 73
8 30 6
8 31 9
8 32 44
8 33 22
8 34 0
8 35 24
8 36 11
8 37 35
8 38 5
8 39 34
8 40 9
8 41 7
8 42 49
8 43 37
8 44 23
8 45 59
8 46 15
8 47 15
8 48 13
8 49 0
9 0 1
9 1 4
9 2 26
9 3 46
9 4 69
9 5 21
9 6 7
9 7 20
9 8 3
9 9 0
9 10 22
9 11 25
9 12 2
9 13 12
9 14 18
9 15 93
9 16 293
9 17 1
9 18 9
9 19 0
9 20 29
9 21 28
9 22 19
9 23 1
9 24 6
9 25 21
9 26 23
9 27 35
9 28 12
9 29 8
9 30 80
9 31 35
9 32 0
9 33 22
9 34 3
9 35 24
9 36 12
9 37 30
9 38 29
9 39 19
9 40 35
9 41 0
9 42 9
9 43 7
9 44 81
9 45 18
9 46 169
9 47 64
9 48 203
9 49 39
10 0 6
10 1 23
10 2 34
10 3 13
10 4 32
10 5 37
10 6 23
10 7 62
10 8 18
10 9 12
10 10 0
10 11 41
10 12 3
10 13 4
10 14 1
10 15 5
10 16 7
10 17 52
10 18 47
10 19 16
10 20 23
10 21 48
10 22 21
10 23 15
10 24 36
10 25 51
10 26 16
10 27 2
10 28 14
10 29 24
10 30 6
10 31 28
10 32 7
10 33 7
10 34 18
10 35 45
10 36 4
10 37 6
10 38 4
10 39 42
10 40 38
10 41 23
10 42 30
10 43 21
10 44 31
10 45 10
10 46 9
10 47 6
10 48 2
10 49 30
11 0 132
11 1 32
11 2 27
11 3 27
11 4 4
11 5 36
11 6 55
11 7 19
11 8 66
11 9 12
11 10 4
11 11 0
11 12 8
11 13 34
11 14 39
11 15 17
11 16 3
11 17 6
11 18 25
11 19 27
11 20 19
11 21 1
11 22 85
11 23 17
11 24 26
11 25 16
11 26 5
11 27 1
11 28 22
11 29 5
11 30 15
11 31 18
11 32 48
11 33 7
11 34 20
11 35 46
11 36 4
11 37 31
11 38 39
11 39 207
11 40 4
11 41 28
11 42 88
11 43 26
11 44 0
11 45 28
11 46 13
11 47 28
11 48 30
11 49 26
12 0 36
12 1 20
12 2 148
12 3 4
12 4 26
12 5 90
12 6 7
12 7 18
12 8 39
12 9 20
12 10 15
12 11 57
12 12 0
12 13 39
12 14 20
12 15 31
12 16 16
12 17 11
12 18 26
12 19 5
12 20 96
12 21 5
12 22 19
12 23 19
12 24 24
12 25 25
12 26 59
12 27 6
12 28 59
12 29 24
12 30 9
12 31 37
12 32 92
12 33 73
12 34 110
12 35 62
12 36 48
12 37 45
12 38 7
12 39 75
12 40 23
12 41 13
12 42 9
12 43 30
12 44 10
12 45 0
12 46 0
12 47 16
12 48 15
12 49 13
13 0 67
13 1 24
13 2 19
13 3 2
13 4 26
13 5 62
13 6 2
13 7 20
13 8 23
13 9 10
13 10 24
13 11 49
13 12 116
13 13 0
13 14 1
13 15 12
13 16 11
13 17 1
13 18 20
13 19 14
13 20 97
13 21 26
13 22 7
13 23 3
13 24 7
13 25 0
13 26 77
13 27 22
13 28 76
13 29 7
13 30 12
13 31 14
13 32 14
13 33 65
13 34 1
13 35 25
13 36 26
13 37 6
13 38 19
13 39 46
13 40 17
13 41 10
13 42 54
13 43 4
13 44 3
13 45 14
13 46 25
13 47 12
13 48 18
13 49 8
14 0 42
14 1 15
14 2 28
14 3 14
14 4 17
14 5 2
14 6 35
14 7 12
14 8 97
14 9 13
14 10 3
14 11 44
14 12 3
14 13 6
14 14 0
14 15 15
14 16 1
14 17 22
14 18 35
14 19 6
14 20 28
14 21 12
14 22 37
14 23 54
14 24 10
14 25 17
14 26 25
14 27 14
14 28 16
14 29 73
14 30 7
14 31 2
14 32 16
14 33 12
14 34 20
14 35 27
14 36 15
14 37 32
14 38 5
14 39 14
14 40 6
14 41 126
14 42 37
14 43 23
14 44 13
14 45 7
14 46 16
14 47 3
14 48 3
14 49 0
15 0 14
15 1 18
15 2 19
15 3 9
15 4 20
15 5 13
15 6 12
15 7 10
15 8 13
15 9 84
15 10 15
15 11 27
15 12 0
15 13 7
15 14 11
15 15 0
15 16 49
15 17 7
15 18 4
15 19 4
15 20 24
15 21 10
15 22 0
15 23 17
15 24 6
15 25 15
15 26 36
15 27 31
15 28 32
15 29 8
15 30 74
15 31 12
15 32 17
15 33 14
15 34 10
15 35 9
15 36 7
15 37 39
15 38 27
15 39 26
15 40 29
15 41 4
15 42 19
15 43 23
15 44 73
15 45 21
15 46 45
15 47 12
15 48 60
15 49 26
16 0 25
16 1 60
16 2 12
16 3 13
16 4 63
16 5 21
16 6 6
16 7 0
16 8 6
16 9 135
16 10 19
16 11 5
16 12 11
16 13 7
16 14 12
16 15 79
16 16 0
16 17 4
16 18 1
16 19 12
16 20 9
16 21 24
16 22 3
16 23 9
16 24 6
16 25 15
16 26 21
16 27 26
16 28 14
16 29 17
16 30 41
16 31 26
16 32 5
16 33 18
16 34 22
16 35 16
16 36 15
16 37 21
16 38 34
16 39 10
16 40 7
16 41 15
16 42 5
16 43 19
16 44 78
16 45 2
16 46 127
16 47 11
16 48 20
16 49 9
17 0 2
17 1 4
17 2 2
17 3 22
17 4 13
17 5 14
17 6 1
17 7 32
17 8 18
17 9 22
17 10 4
17 11 20
17 12 9
17 13 15
17 14 1
17 15 22
17 16 16
17 17 0
17 18 33
17 19 24
17 20 13
17 21 6
17 22 8
17 23 22
17 24 8
17 25 29
17 26 7
17 27 14
17 28 3
17 29 3
17 30 17
17 31 11
17 32 8
17 33 16
17 34 20
17 35 11
17 36 7
17 37 9
17 38 36
17 39 0
17 40 7
17 41 17
17 42 19
17 43 4
17 44 12
17 45 10
17 46 23
17 47 28
17 48 4
17 49 27
18 0 9
18 1 26
18 2 20
18 3 15
18 4 23
18 5 11
18 6 37
18 7 17
18 8 2
18 9 1
18 10 75
18 11 6
18 12 4
18 13 0
18 14 8
18 15 21
18 16 12
18 17 26
18 18 0
18 19 44
18 20 16
18 21 20
18 22 14
18 23 43
18 24 14
18 25 195
18 26 4
18 27 4
18 28 4
18 29 1
18 30 0
18 31 3
18 32 16
18 33 8
18 34 3
18 35 1
18 36 24
18 37 6
18 38 8
18 39 15
18 40 9
18 41 24
18 42 1
18 43 8
18 44 18
18 45 18
18 46 2
18 47 29
18 48 10
18 49 12
19 0 14
19 1 16
19 2 21
19 3 18
19 4 16
19 5 32
19 6 5
19 7 8
19 8 41
19 9 9
19 10 35
19 11 31
19 12 0
19 13 22
19 14 67
19 15 12
19 16 5
19 17 11
19 18 11
19 19 0
19 20 10
19 21 9
19 22 6
19 23 76
19 24 22
19 25 33
19 26 21
19 27 25
19 28 0
19 29 37
19 30 14
19 31 8
19 32 12
19 33 16
19 34 31
19 35 9
19 36 28
19 37 12
19 38 2
19 39 26
19 40 15
19 41 123
19 42 6
19 43 2
19 44 13
19 45 38
19 46 7
19 47 5
19 48 17
19 49 0
20 0 19
20 1 2
20 2 189
20 3 6
20 4 38
20 5 31
20 6 49
20 7 1
20 8 23
20 9 29
20 10 14
20 11 30
20 12 8
20 13 12
20 14 10
20 15 15
20 16 15
20 17 17
20 18 9
20 19 10
20 20 0
20 21 8
20 22 54
20 23 16
20 24 21
20 25 5
20 26 37
20 27 30
20 28 6
20 29 25
20 30 32
20 31 101
20 32 99
20 33 17
20 34 72
20 35 38
20 36 8
20 37 48
20 38 3
20 39 20
20 40 26
20 41 7
20 42 18
20 43 51
20 44 42
20 45 36
20 46 26
20 47 60
20 48 1
20 49 8
21 0 13
21 1 46
21 2 43
21 3 65
21 4 106
21 5 5
21 6 28
21 7 71
21 8 23
21 9 5
21 10 9
21 11 17
21 12 13
21 13 6
21 14 25
21 15 26
21 16 15
21 17 14
21 18 22
21 19 2
21 20 27
21 21 0
21 22 2
21 23 16
21 24 28
21 25 13
21 26 5
21 27 42
21 28 1
21 29 20
21 30 41
21 31 24
21 32 19
21 33 12
21 34 26
21 35 34
21 36 17
21 37 26
21 38 205
21 39 22
21 40 23
21 41 19
21 42 21
21 43 24
21 44 41
21 45 8
21 46 32
21 47 84
21 48 31
21 49 97
22 0 84
22 1 23
22 2 39
22 3 5
22 4 6
22 5 65
22 6 35
22 7 8
22 8 62
22 9 20
22 10 6
22 11 5
22 12 47
22 13 24
22 14 36
22 15 4
22 16 7
22 17 0
22 18 24
22 19 27
22 20 9
22 21 11
22 22 0
22 23 27
22 24 14
22 25 15
22 26 14
22 27 31
22 28 52
22 29 46
22 30 19
22 31 24
22 32 73
22 33 315
22 34 13
22 35 43
22 36 85
22 37 40
22 38 19
22 39 55
22 40 13
22 41 25
22 42 158
22 43 2
22 44 5
22 45 28
22 46 17
22 47 28
22 48 18
22 49 26
23 0 6
23 1 23
23 2 4
23 3 8
23 4 1
23 5 35
23 6 36
23 7 13
23 8 39
23 9 16
23 10 17
23 11 37
23 12 24
23 13 14
23 14 19
23 15 12
23 16 9
23 17 1
23 18 82
23 19 76
23 20 27
23 21 15
23 22 12
23 23 0
23 24 113
23 25 10
23 26 24
23 27 31
23 28 6
23 29 25
23 30 22
23 31 21
23 32 18
23 33 34
23 34 9
23 35 24
23 36 15
23 37 0
23 38 5
23 39 22
23 40 13
23 41 38
23 42 6
23 43 16
23 44 15
23 45 15
23 46 15
23 47 19
23 48 3
23 49 29
24 0 9
24 1 11
24 2 18
24 3 9
24 4 5
24 5 5
24 6 36
24 7 18
24 8 20
24 9 8
24 10 12
24 11 33
24 12 17
24 13 0
24 14 7
24 15 16
24 16 9
24 17 11
24 18 17
24 19 36
24 20 22
24 21 2
24 22 1
24 23 48
24 24 0
24 25 85
24 26 13
24 27 2
24 28 16
24 29 34
24 30 17
24 31 8
24 32 7
24 33 8
24 34 19
24 35 5
24 36 12
24 37 14
24 38 20
24 39 9
24 40 13
24 41 2
24 42 1
24 43 1
24 44 21
24 45 9
24 46 13
24 47 27
24 48 5
24 49 15
25 0 9
25 1 24
25 2 2
25 3 18
25 4 8
25 5 22
25 6 43
25 7 22
25 8 13
25 9 14
25 10 123
25 11 22
25 12 22
25 13 19
25 14 19
25 15 16
25 16 12
25 17 46
25 18 140
25 19 28
25 20 24
25 21 18
25 22 21
25 23 6
25 24 77
25 25 0
25 26 6
25 27 23
25 28 13
25 29 34
25 30 12
25 31 7
25 32 16
25 33 12
25 34 6
25 35 38
25 36 3
25 37 23
25 38 10
25 39 28
25 40 37
25 41 9
25 42 12
25 43 2
25 44 23
25 45 31
25 46 16
25 47 9
25 48 11
25 49 24
26 0 27
26 1 13
26 2 5
26 3 24
26 4 36
26 5 36
26 6 6
26 7 26
26 8 20
26 9 31
26 10 12
26 11 4
26 12 78
26 13 4
26 14 16
26 15 39
26 16 12
26 17 8
26 18 16
26 19 7
26 20 127
26 21 17
26 22 27
26 23 20
26 24 2
26 25 12
26 26 0
26 27 1
26 28 15
26 29 15
26 30 30
26 31 59
26 32 24
26 33 15
26 34 15
26 35 0
26 36 11
26 37 45
26 38 28
26 39 48
26 40 27
26 41 7
26 42 65
26 43 56
26 44 11
26 45 24
26 46 11
26 47 17
26 48 22
26 49 20
27 0 23
27 1 2
27 2 25
27 3 34
27 4 51
27 5 13
27 6 30
27 7 18
27 8 16
27 9 18
27 10 147
27 11 3
27 12 29
27 13 3
27 14 35
27 15 4
27 16 1
27 17 40
27 18 5
27 19 25
27 20 38
27 21 6
27 22 19
27 23 40
27 24 45
27 25 28
27 26 12
27 27 0
27 28 16
27 29 6
27 30 44
27 31 6
27 32 3
27 33 6
27 34 13
27 35 77
27 36 30
27 37 57
27 38 72
27 39 48
27 40 23
27 41 14
27 42 1
27 43 13
27 44 1
27 45 5
27 46 8
27 47 59
27 48 10
27 49 55
28 0 42
28 1 28
28 2 27
28 3 8
28 4 1
28 5 23
28 6 30
28 7 4
28 8 6
28 9 2
28 10 18
28 11 27
28 12 49
28 13 31
28 14 16
28 15 25
28 16 21
28 17 11
28 18 3
28 19 16
28 20 35
28 21 16
28 22 45
28 23 17
28 24 14
28 25 19
28 26 82
28 27 9
28 28 0
28 29 25
28 30 6
28 31 29
28 32 6
28 33 41
28 34 2
28 35 18
28 36 59
28 37 26
28 38 25
28 39 18
28 40 11
28 41 3
28 42 40
28 43 181
28 44 19
28 45 25
28 46 3
28 47 20
28 48 3
28 49 8
29 0 32
29 1 2
29 2 15
29 3 17
29 4 9
29 5 12
29 6 4
29 7 10
29 8 9
29 9 14
29 10 35
29 11 35
29 12 8
29 13 28
29 14 431
29 15 15
29 16 0
29 17 5
29 18 32
29 19 19
29 20 3
29 21 5
29 22 9
29 23 24
29 24 43
29 25 34
29 26 14
29 27 21
29 28 10
29 29 0
29 30 9
29 31 23
29 32 18
29 33 24
29 34 0
29 35 19
29 36 10
29 37 1
29 38 7
29 39 18
29 40 0
29 41 126
29 42 3
29 43 26
29 44 5
29 45 66
29 46 7
29 47 7
29 48 18
29 49 27
30 0 11
30 1 7
30 2 16
30 3 98
30 4 155
30 5 14
30 6 20
30 7 37
30 8 3
30 9 17
30 10 7
30 11 1
30 12 1
30 13 6
30 14 18
30 15 69
30 16 68
30 17 18
30 18 15
30 19 9
30 20 39
30 21 15
30 22 19
30 23 20
30 24 6
30 25 28
30 26 17
30 27 23
30 28 3
30 29 20
30 30 0
30 31 52
30 32 2
30 33 22
30 34 0
30 35 18
30 36 19
30 37 41
30 38 48
30 39 34
30 40 24
30 41 10
30 42 4
30 43 0
30 44 72
30 45 1
30 46 32
30 47 23
30 48 28
30 49 67
31 0 0
31 1 39
31 2 92
31 3 6
31 4 31
31 5 7
31 6 26
31 7 0
31 8 13
31 9 21
31 10 5
31 11 8
31 12 34
31 13 43
31 14 16
31 15 54
31 16 37
31 17 2
31 18 23
31 19 6
31 20 54
31 21 26
31 22 12
31 23 18
31 24 8
31 25 20
31 26 79
31 27 17
31 28 38
31 29 7
31 30 11
31 31 0
31 32 43
31 33 17
31 34 42
31 35 6
31 36 2
31 37 2
31 38 36
31 39 50
31 40 12
31 41 2
31 42 5
31 43 30
31 44 94
31 45 22
31 46 26
31 47 17
31 48 22
31 49 58
32 0 298
32 1 20
32 2 107
32 3 27
32 4 38
32 5 139
32 6 11
32 7 11
32 8 46
32 9 29
32 10 30
32 11 121
32 12 33
32 13 56
32 14 47
32 15 13
32 16 2
32 17 1
32 18 30
32 19 16
32 20 44
32 21 38
32 22 70
32 23 12
32 24 26
32 25 23
32 26 57
32 27 4
32 28 33
32 29 39
32 30 21
32 31 16
32 32 0
32 33 25
32 34 111
32 35 32
32 36 106
32 37 38
32 38 14
32 39 69
32 40 24
32 41 4
32 42 171
32 43 18
32 44 38
32 45 58
32 46 1
32 47 20
32 48 12
32 49 26
33 0 32
33 1 25
33 2 48
33 3 17
33 4 13
33 5 47
33 6 5
33 7 18
33 8 100
33 9 13
33 10 26
33 11 94
33 12 5
33 13 6
33 14 43
33 15 6
33 16 12
33 17 11
33 18 18
33 19 9
33 20 27
33 21 24
33 22 274
33 23 31
33 24 19
33 25 13
33 26 34
33 27 18
33 28 47
33 29 47
33 30 13
33 31 32
33 32 72
33 33 0
33 34 53
33 35 21
33 36 52
33 37 24
33 38 8
33 39 63
33 40 13
33 41 32
33 42 69
33 43 58
33 44 11
33 45 17
33 46 4
33 47 18
33 48 10
33 49 11
34 0 64
34 1 2
34 2 135
34 3 12
34 4 35
34 5 86
34 6 51
34 7 33
34 8 47
34 9 13
34 10 2
34 11 93
34 12 7
34 13 34
34 14 41
34 15 28
34 16 10
34 17 4
34 18 11
34 19 8
34 20 37
34 21 44
34 22 22
34 23 16
34 24 7
34 25 8
34 26 17
34 27 38
34 28 2
34 29 32
34 30 11
34 31 8
34 32 84
34 33 43
34 34 0
34 35 134
34 36 34
34 37 121
34 38 35
34 39 338
34 40 31
34 41 35
34 42 8
34 43 29
34 44 39
34 45 26
34 46 17
34 47 19
34 48 28
34 49 27
35 0 25
35 1 9
35 2 49
35 3 27
35 4 59
35 5 27
35 6 40
35 7 10
35 8 22
35 9 12
35 10 4
35 11 6
35 12 65
35 13 12
35 14 22
35 15 20
35 16 37
35 17 19
35 18 35
35 19 9
35 20 52
35 21 29
35 22 20
35 23 22
35 24 30
35 25 27
35 26 1
35 27 40
35 28 33
35 29 33
35 30 3
35 31 47
35 32 33
35 33 30
35 34 45
35 35 0
35 36 0
35 37 133
35 38 68
35 39 34
35 40 7
35 41 4
35 42 46
35 43 14
35 44 11
35 45 38
35 46 22
35 47 35
35 48 27
35 49 82
36 0 109
36 1 30
36 2 79
36 3 5
36 4 16
36 5 110
36 6 32
36 7 16
36 8 1
36 9 24
36 10 18
36 11 15
36 12 158
36 13 3
36 14 36
36 15 25
36 16 21
36 17 8
36 18 5
36 19 2
36 20 67
36 21 11
36 22 170
36 23 0
36 24 26
36 25 20
36 26 39
36 27 9
36 28 43
36 29 10
36 30 17
36 31 1
36 32 101
36 33 155
36 34 35
36 35 21
36 36 0
36 37 24
36 38 23
36 39 13
36 40 10
36 41 12
36 42 696
36 43 56
36 44 0
36 45 3
36 46 4
36 47 30
36 48 16
36 49 29
37 0 14
37 1 8
37 2 42
37 3 12
37 4 12
37 5 18
37 6 25
37 7 8
37 8 23
37 9 43
37 10 0
37 11 7
37 12 35
37 13 2
37 14 27
37 15 5
37 16 28
37 17 12
37 18 8
37 19 10
37 20 112
37 21 18
37 22 40
37 23 2
37 24 27
37 25 7
37 26 60
37 27 1
37 28 29
37 29 10
37 30 4
37 31 85
37 32 14
37 33 33
37 34 84
37 35 92
37 36 25
37 37 0
37 38 35
37 39 85
37 40 33
37 41 21
37 42 44
37 43 31
37 44 0
37 45 39
37 46 17
37 47 65
37 48 24
37 49 69
38 0 16
38 1 103
38 2 17
38 3 54
38 4 40
38 5 27
38 6 12
38 7 42
38 8 17
38 9 23
38 10 9
38 11 7
38 12 20
38 13 1
38 14 14
38 15 38
38 16 50
38 17 10
38 18 25
38 19 10
38 20 17
38 21 164
38 22 5
38 23 29
38 24 22
38 25 33
38 26 6
38 27 27
38 28 25
38 29 1
38 30 97
38 31 42
38 32 8
38 33 19
38 34 38
38 35 62
38 36 8
38 37 38
38 38 0
38 39 39
38 40 100
38 41 10
38 42 30
38 43 4
38 44 57
38 45 20
38 46 13
38 47 18
38 48 16
38 49 68
39 0 1
39 1 41
39 2 65
39 3 29
39 4 42
39 5 55
39 6 61
39 7 8
39 8 29
39 9 3
39 10 26
39 11 142
39 12 52
39 13 58
39 14 24
39 15 9
39 16 15
39 17 19
39 18 31
39 19 9
39 20 56
39 21 32
39 22 16
39 23 37
39 24 20
39 25 18
39 26 20
39 27 31
39 28 41
39 29 7
39 30 7
39 31 35
39 32 152
39 33 13
39 34 308
39 35 21
39 36 13
39 37 74
39 38 32
39 39 0
39 40 4
39 41 38
39 42 61
39 43 30
39 44 0
39 45 6
39 46 25
39 47 3
39 48 10
39 49 16
40 0 5
40 1 64
40 2 34
40 3 82
40 4 39
40 5 14
40 6 6
40 7 51
40 8 9
40 9 38
40 10 15
40 11 31
40 12 22
40 13 8
40 14 11
40 15 43
40 16 38
40 17 9
40 18 32
40 19 1
40 20 28
40 21 50
40 22 11
40 23 19
40 24 25
40 25 38
40 26 19
40 27 24
40 28 13
40 29 20
40 30 23
40 31 21
40 32 13
40 33 14
40 34 35
40 35 29
40 36 10
40 37 18
40 38 100
40 39 3
40 40 0
40 41 1
40 42 18
40 43 10
40 44 1
40 45 3
40 46 3
40 47 64
40 48 53
40 49 80
41 0 8
41 1 16
41 2 25
41 3 7
41 4 12
41 5 18
41 6 21
41 7 4
41 8 16
41 9 1
41 10 2
41 11 41
41 12 22
41 13 25
41 14 6
41 15 16
41 16 11
41 17 12
41 18 7
41 19 44
41 20 7
41 21 24
41 22 19
41 23 21
41 24 54
41 25 2
41 26 7
41 27 21
41 28 22
41 29 196
41 30 5
41 31 20
41 32 31
41 33 36
41 34 1
41 35 8
41 36 20
41 37 1
41 38 23
41 39 34
41 40 18
41 41 0
41 42 12
41 43 15
41 44 4
41 45 79
41 46 5
41 47 9
41 48 4
41 49 4
42 0 113
42 1 25
42 2 67
42 3 11
42 4 17
42 5 7
42 6 60
42 7 4
42 8 25
42 9 8
42 10 22
42 11 72
42 12 109
42 13 102
42 14 26
42 15 1
42 16 13
42 17 14
42 18 15
42 19 14
42 20 32
42 21 10
42 22 123
42 23 19
42 24 9
42 25 27
42 26 42
42 27 26
42 28 0
42 29 4
42 30 22
42 31 10
42 32 46
42 33 29
42 34 5
42 35 50
42 36 298
42 37 30
42 38 19
42 39 82
42 40 2
42 41 6
42 42 0
42 43 28
42 44 23
42 45 47
42 46 5
42 47 25
42 48 0
42 49 15
43 0 57
43 1 26
43 2 0
43 3 3
43 4 10
43 5 48
43 6 32
43 7 10
43 8 24
43 9 5
43 10 15
43 11 29
43 12 4
43 13 64
43 14 4
43 15 8
43 16 12
43 17 0
43 18 16
43 19 14
43 20 40
43 21 13
43 22 38
43 23 7
43 24 14
43 25 18
43 26 17
43 27 3
43 28 37
43 29 6
43 30 5
43 31 20
43 32 25
43 33 48
43 34 36
43 35 12
43 36 76
43 37 37
43 38 24
43 39 1
43 40 0
43 41 10
43 42 17
43 43 0
43 44 31
43 45 10
43 46 5
43 47 25
43 48 11
43 49 10
44 0 1
44 1 14
44 2 14
44 3 44
44 4 165
44 5 15
44 6 22
44 7 38
44 8 3
44 9 46
44 10 24
44 11 22
44 12 41
44 13 5
44 14 18
44 15 143
44 16 54
44 17 10
44 18 9
44 19 17
44 20 1
44 21 16
44 22 14
44 23 3
44 24 16
44 25 24
44 26 28
44 27 6
44 28 6
44 29 14
44 30 98
44 31 93
44 32 23
44 33 10
44 34 11
44 35 12
44 36 5
44 37 40
44 38 57
44 39 39
44 40 8
44 41 17
44 42 19
44 43 8
44 44 0
44 45 15
44 46 43
44 47 77
44 48 132
44 49 52
45 0 76
45 1 5
45 2 22
45 3 12
45 4 3
45 5 34
45 6 12
45 7 25
45 8 96
45 9 12
45 10 13
45 11 46
45 12 39
45 13 26
45 14 129
45 15 12
45 16 16
45 17 6
45 18 0
45 19 31
45 20 1
45 21 9
45 22 7
45 23 47
45 24 29
45 25 9
45 26 26
45 27 24
45 28 13
45 29 85
45 30 5
45 31 6
45 32 31
45 33 45
45 34 12
45 35 38
45 36 55
45 37 26
45 38 21
45 39 54
45 40 6
45 41 63
45 42 52
45 43 17
45 44 5
45 45 0
45 46 5
45 47 6
45 48 6
45 49 23
46 0 6
46 1 50
46 2 12
46 3 11
46 4 1
46 5 16
46 6 23
46 7 7
46 8 2
46 9 57
46 10 10
46 11 23
46 12 21
46 13 3
46 14 13
46 15 31
46 16 42
46 17 11
46 18 13
46 19 3
46 20 21
46 21 17
46 22 1
46 23 6
46 24 11
46 25 1
46 26 0
46 27 8
46 28 3
46 29 11
46 30 28
46 31 17
46 32 15
46 33 15
46 34 25
46 35 6
46 36 19
46 37 4
46 38 27
46 39 3
46 40 40
46 41 1
46 42 5
46 43 15
46 44 12
46 45 7
46 46 0
46 47 26
46 48 12
46 49 29
47 0 34
47 1 109
47 2 22
47 3 30
47 4 204
47 5 5
47 6 28
47 7 11
47 8 25
47 9 64
47 10 29
47 11 2
47 12 41
47 13 9
47 14 8
47 15 2
47 16 13
47 17 6
47 18 29
47 19 5
47 20 21
47 21 33
47 22 17
47 23 23
47 24 22
47 25 24
47 26 0
47 27 45
47 28 2
47 29 19
47 30 18
47 31 19
47 32 31
47 33 27
47 34 4
47 35 70
47 36 3
47 37 66
47 38 30
47 39 33
47 40 73
47 41 24
47 42 15
47 43 28
47 44 26
47 45 22
47 46 45
47 47 0
47 48 99
47 49 131
48 0 5
48 1 87
48 2 34
48 3 18
48 4 56
48 5 0
48 6 4
48 7 31
48 8 3
48 9 89
48 10 32
48 11 23
48 12 21
48 13 20
48 14 10
48 15 70
48 16 144
48 17 24
48 18 6
48 19 9
48 20 4
48 21 61
48 22 3
48 23 8
48 24 12
48 25 21
48 26 0
48 27 1
48 28 11
48 29 1
48 30 183
48 31 38
48 32 18
48 33 17
48 34 27
48 35 37
48 36 9
48 37 40
48 38 66
48 39 14
48 40 68
48 41 12
48 42 19
48 43 6
48 44 11
48 45 19
48 46 87
48 47 98
48 48 0
48 49 60
49 0 30
49 1 27
49 2 2
49 3 47
49 4 45
49 5 19
49 6 42
49 7 24
49 8 13
49 9 10
49 10 69
49 11 4
49 12 27
49 13 29
49 14 16
49 15 32
49 16 19
49 17 28
49 18 15
49 19 2
49 20 37
49 21 20
49 22 16
49 23 24
49 24 22
49 25 22
49 26 17
49 27 63
49 28 14
49 29 26
49 30 58
49 31 48
49 32 17
49 33 25
49 34 12
49 35 51
49 36 3
49 37 64
49 38 30
49 39 23
49 40 29
49 41 10
49 42 8
49 43 13
49 44 39
49 45 21
49 46 9
49 47 23
49 48 32
49 49 0
