#So luong nut la la
58
#Toa do cac nut
4.889514800482538 7.4227560352297335 0.0
1.7680817340005346 19.090298021777258 0.0
9.332360472508672 7.8733951881126565 0.0
16.93446603804408 19.324159005549788 0.0
8.231782515514219 18.47126128565075 0.0
8.459594219036578 9.657399304873268 0.0
4.641256330058117 4.658281296491863 0.0
14.574696352565622 1.0294604921255546 0.0
0.4851897066085662 18.559978809145502 0.0
17.79075409528736 1.0541470030647822 0.0
19.046719765410714 16.927737968038915 0.0
18.89478260036576 1.883157272858826 0.0
2.1444736086898635 3.757439121741279 0.0
5.022777091569438 5.570158265401491 0.0
16.700119082749232 4.710884386285466 0.0
19.981147581947656 0.14744596890500272 0.0
8.466299701374096 13.35893110871937 0.0
15.747893654774055 7.302680973168606 0.0
5.986651937983534 14.082844818715962 0.0
10.46644909236861 6.115108919432594 0.0
12.810159467413847 12.75445936677166 0.0
16.436420324526754 1.7844451525913114 0.0
18.40008385192304 18.39807667419459 0.0
12.76496222298848 6.879869973840533 0.0
9.007791169585735 12.516568047379586 0.0
5.192556817398334 1.4808467654368074 0.0
0.7410496353677428 19.085673263483024 0.0
11.316797519412999 11.353868216255133 0.0
10.422034682074175 1.8956291074983778 0.0
12.464742580315976 11.546288248303593 0.0
9.793795789874267 15.709674282074143 0.0
3.1945818020549384 2.8886565575160237 0.0
5.693093875832661 4.338631817372863 0.0
13.849316217272396 16.01959776340253 0.0
1.0512161396957584 13.072841981742158 0.0
16.45980403381449 5.366457442697177 0.0
19.30010009139931 14.190002086998211 0.0
6.4516789668869 17.621194735804647 0.0
9.655111974587994 10.768277863726453 0.0
11.654121079734859 0.03968491885142966 0.0
12.754934198391652 13.434318773957882 0.0
19.491816630484443 8.70210916739639 0.0
1.5696833428424006 11.219920370047474 0.0
0.44989501021935696 13.092210900958069 0.0
6.774423492351168 6.950822717553326 0.0
13.645483614531903 12.710050554514169 0.0
8.10548712876024 17.637461098838113 0.0
14.096482315174763 13.67742986619277 0.0
9.063759596047799 14.703909900418187 0.0
15.914557216771732 17.76620135388739 0.0
17.756454176256 2.898737309100909 0.0
16.236609098164465 6.1365131256409295 0.0
10.13665701888008 9.526492019824065 0.0
13.481491400610231 18.784115740235812 0.0
19.698282475014576 12.87590700465704 0.0
5.8688659880582 12.057197754470776 0.0
10.678351290939144 4.206112662412069 0.0
8.991027692552377 12.201283469995218 0.0
#Ma tran yeu cau D
#source_index dest_index bw don vi Mbps
0 0 0
0 1 21
0 2 65
0 3 16
0 4 18
0 5 44
0 6 2
0 7 19
0 8 24
0 9 3
0 10 8
0 11 2
0 12 33
0 13 94
0 14 29
0 15 11
0 16 38
0 17 15
0 18 46
0 19 31
0 20 19
0 21 16
0 22 13
0 23 4
0 24 30
0 25 13
0 26 4
0 27 6
0 28 35
0 29 20
0 30 23
0 31 18
0 32 43
0 33 2
0 34 41
0 35 21
0 36 3
0 37 7
0 38 30
0 39 11
0 40 27
0 41 21
0 42 68
0 43 3
0 44 82
0 45 2
0 46 26
0 47 7
0 48 36
0 49 6
0 50 3
0 51 26
0 52 15
0 53 6
0 54 8
0 55 76
0 56 46
0 57 38
1 0 32
1 1 0
1 2 25
1 3 10
1 4 33
1 5 3
1 6 18
1 7 12
1 8 278
1 9 12
1 10 11
1 11 13
1 12 4
1 13 10
1 14 14
1 15 4
1 16 17
1 17 10
1 18 30
1 19 23
1 20 21
1 21 0
1 22 15
1 23 23
1 24 5
1 25 18
1 26 130
1 27 27
1 28 1
1 29 16
1 30 2
1 31 21
1 32 3
1 33 10
1 34 56
1 35 12
1 36 20
1 37 7
1 38 22
1 39 8
1 40 16
1 41 19
1 42 41
1 43 8
1 44 13
1 45 15
1 46 55
1 47 14
1 48 39
1 49 21
1 50 10
1 51 2
1 52 21
1 53 28
1 54 8
1 55 35
1 56 15
1 57 29
2 0 47
2 1 28
2 2 0
2 3 15
2 4 3
2 5 178
2 6 11
2 7 29
2 8 8
2 9 31
2 10 22
2 11 26
2 12 44
2 13 20
2 14 15
2 15 3
2 16 70
2 17 45
2 18 39
2 19 177
2 20 57
2 21 14
2 22 14
2 23 9
2 24 51
2 25 10
2 26 10
2 27 97
2 28 36
2 29 51
2 30 2
2 31 26
2 32 63
2 33 15
2 34 20
2 35 42
2 36 33
2 37 27
2 38 6
2 39 47
2 40 17
2 41 25
2 42 45
2 43 16
2 44 125
2 45 40
2 46 29
2 47 25
2 48 21
2 49 13
2 50 3
2 51 22
2 52 103
2 53 7
2 54 12
2 55 45
2 56 69
2 57 68
3 0 3
3 1 13
3 2 12
3 3 0
3 4 40
3 5 16
3 6 12
3 7 1
3 8 13
3 9 16
3 10 46
3 11 21
3 12 9
3 13 21
3 14 21
3 15 16
3 16 34
3 17 23
3 18 10
3 19 13
3 20 11
3 21 19
3 22 158
3 23 12
3 24 33
3 25 10
3 26 15
3 27 1
3 28 11
3 29 41
3 30 16
3 31 8
3 32 3
3 33 12
3 34 18
3 35 0
3 36 25
3 37 4
3 38 18
3 39 15
3 40 47
3 41 21
3 42 17
3 43 3
3 44 0
3 45 23
3 46 31
3 47 26
3 48 15
3 49 31
3 50 6
3 51 28
3 52 1
3 53 107
3 54 50
3 55 23
3 56 11
3 57 1
4 0 28
4 1 46
4 2 17
4 3 30
4 4 0
4 5 5
4 6 26
4 7 17
4 8 6
4 9 10
4 10 19
4 11 1
4 12 25
4 13 1
4 14 6
4 15 4
4 16 64
4 17 11
4 18 61
4 19 29
4 20 34
4 21 8
4 22 15
4 23 2
4 24 19
4 25 0
4 26 37
4 27 25
4 28 22
4 29 22
4 30 100
4 31 10
4 32 10
4 33 29
4 34 10
4 35 21
4 36 0
4 37 201
4 38 14
4 39 8
4 40 9
4 41 18
4 42 31
4 43 10
4 44 29
4 45 9
4 46 159
4 47 13
4 48 44
4 49 30
4 50 19
4 51 26
4 52 0
4 53 31
4 54 8
4 55 8
4 56 15
4 57 30
5 0 30
5 1 12
5 2 106
5 3 22
5 4 15
5 5 0
5 6 43
5 7 2
5 8 17
5 9 23
5 10 30
5 11 9
5 12 8
5 13 65
5 14 8
5 15 1
5 16 10
5 17 46
5 18 31
5 19 84
5 20 61
5 21 29
5 22 17
5 23 27
5 24 70
5 25 37
5 26 22
5 27 49
5 28 33
5 29 36
5 30 50
5 31 20
5 32 18
5 33 3
5 34 34
5 35 42
5 36 25
5 37 1
5 38 6
5 39 30
5 40 18
5 41 32
5 42 20
5 43 36
5 44 73
5 45 51
5 46 0
5 47 5
5 48 60
5 49 34
5 50 8
5 51 0
5 52 170
5 53 6
5 54 30
5 55 8
5 56 3
5 57 119
6 0 116
6 1 18
6 2 2
6 3 15
6 4 24
6 5 3
6 6 0
6 7 29
6 8 17
6 9 4
6 10 9
6 11 3
6 12 112
6 13 294
6 14 22
6 15 24
6 16 29
6 17 11
6 18 5
6 19 35
6 20 7
6 21 23
6 22 16
6 23 11
6 24 8
6 25 33
6 26 20
6 27 33
6 28 52
6 29 3
6 30 28
6 31 147
6 32 89
6 33 18
6 34 19
6 35 2
6 36 6
6 37 9
6 38 45
6 39 28
6 40 5
6 41 7
6 42 39
6 43 23
6 44 75
6 45 6
6 46 2
6 47 18
6 48 36
6 49 5
6 50 26
6 51 27
6 52 35
6 53 6
6 54 5
6 55 15
6 56 27
6 57 23
7 0 1
7 1 9
7 2 29
7 3 0
7 4 21
7 5 7
7 6 3
7 7 0
7 8 10
7 9 55
7 10 19
7 11 70
7 12 9
7 13 15
7 14 49
7 15 19
7 16 23
7 17 42
7 18 18
7 19 59
7 20 5
7 21 83
7 22 5
7 23 26
7 24 0
7 25 36
7 26 14
7 27 5
7 28 13
7 29 32
7 30 13
7 31 27
7 32 11
7 33 25
7 34 13
7 35 11
7 36 26
7 37 12
7 38 14
7 39 41
7 40 10
7 41 21
7 42 20
7 43 1
7 44 18
7 45 26
7 46 7
7 47 6
7 48 14
7 49 17
7 50 21
7 51 67
7 52 20
7 53 3
7 54 10
7 55 11
7 56 46
7 57 28
8 0 29
8 1 158
8 2 19
8 3 14
8 4 18
8 5 11
8 6 21
8 7 6
8 8 0
8 9 15
8 10 0
8 11 4
8 12 1
8 13 11
8 14 16
8 15 5
8 16 19
8 17 1
8 18 3
8 19 1
8 20 4
8 21 14
8 22 17
8 23 7
8 24 21
8 25 19
8 26 159
8 27 15
8 28 19
8 29 26
8 30 10
8 31 11
8 32 18
8 33 0
8 34 9
8 35 6
8 36 4
8 37 4
8 38 3
8 39 16
8 40 23
8 41 15
8 42 17
8 43 5
8 44 13
8 45 8
8 46 28
8 47 25
8 48 6
8 49 19
8 50 12
8 51 0
8 52 24
8 53 18
8 54 16
8 55 43
8 56 7
8 57 33
9 0 12
9 1 10
9 2 7
9 3 8
9 4 10
9 5 4
9 6 9
9 7 41
9 8 9
9 9 0
9 10 24
9 11 233
9 12 4
9 13 19
9 14 83
9 15 52
9 16 8
9 17 19
9 18 15
9 19 11
9 20 6
9 21 198
9 22 0
9 23 51
9 24 23
9 25 21
9 26 4
9 27 1
9 28 53
9 29 7
9 30 19
9 31 1
9 32 5
9 33 10
9 34 0
9 35 45
9 36 27
9 37 10
9 38 23
9 39 50
9 40 19
9 41 32
9 42 13
9 43 18
9 44 20
9 45 1
9 46 10
9 47 11
9 48 13
9 49 4
9 50 9
9 51 1
9 52 34
9 53 4
9 54 33
9 55 17
9 56 13
9 57 15
10 0 3
10 1 10
10 2 7
10 3 78
10 4 23
10 5 16
10 6 17
10 7 23
10 8 10
10 9 15
10 10 0
10 11 23
10 12 3
10 13 14
10 14 15
10 15 16
10 16 10
10 17 13
10 18 19
10 19 13
10 20 50
10 21 23
10 22 75
10 23 33
10 24 25
10 25 5
10 26 5
10 27 2
10 28 2
10 29 9
10 30 33
10 31 10
10 32 5
10 33 36
10 34 3
10 35 12
10 36 43
10 37 2
10 38 33
10 39 9
10 40 48
10 41 38
10 42 13
10 43 3
10 44 13
10 45 55
10 46 29
10 47 44
10 48 3
10 49 104
10 50 15
10 51 24
10 52 20
10 53 4
10 54 87
10 55 3
10 56 17
10 57 24
11 0 8
11 1 4
11 2 33
11 3 14
11 4 0
11 5 19
11 6 1
11 7 79
11 8 9
11 9 135
11 10 26
11 11 0
11 12 5
11 13 4
11 14 64
11 15 131
11 16 8
11 17 52
11 18 7
11 19 40
11 20 8
11 21 94
11 22 8
11 23 3
11 24 18
11 25 20
11 26 12
11 27 10
11 28 5
11 29 6
11 30 12
11 31 12
11 32 26
11 33 20
11 34 6
11 35 30
11 36 29
11 37 14
11 38 9
11 39 31
11 40 10
11 41 57
11 42 15
11 43 14
11 44 20
11 45 14
11 46 8
11 47 28
11 48 7
11 49 20
11 50 130
11 51 60
11 52 1
11 53 1
11 54 12
11 55 9
11 56 24
11 57 10
12 0 86
12 1 10
12 2 21
12 3 0
12 4 4
12 5 15
12 6 77
12 7 26
12 8 22
12 9 21
12 10 7
12 11 22
12 12 0
12 13 59
12 14 14
12 15 7
12 16 24
12 17 22
12 18 23
12 19 1
12 20 20
12 21 27
12 22 3
12 23 25
12 24 9
12 25 16
12 26 17
12 27 24
12 28 44
12 29 26
12 30 22
12 31 249
12 32 2
12 33 1
12 34 2
12 35 11
12 36 9
12 37 11
12 38 7
12 39 8
12 40 26
12 41 20
12 42 50
12 43 37
12 44 67
12 45 16
12 46 8
12 47 14
12 48 16
12 49 0
12 50 21
12 51 5
12 52 13
12 53 11
12 54 10
12 55 11
12 56 32
12 57 9
13 0 133
13 1 13
13 2 13
13 3 17
13 4 29
13 5 33
13 6 32
13 7 12
13 8 20
13 9 4
13 10 15
13 11 21
13 12 99
13 13 0
13 14 14
13 15 11
13 16 26
13 17 27
13 18 19
13 19 24
13 20 22
13 21 1
13 22 17
13 23 22
13 24 42
13 25 73
13 26 0
13 27 23
13 28 1
13 29 38
13 30 21
13 31 91
13 32 117
13 33 0
13 34 9
13 35 15
13 36 15
13 37 11
13 38 13
13 39 43
13 40 3
13 41 18
13 42 23
13 43 23
13 44 147
13 45 31
13 46 10
13 47 0
13 48 10
13 49 1
13 50 27
13 51 31
13 52 30
13 53 4
13 54 23
13 55 7
13 56 15
13 57 4
14 0 20
14 1 11
14 2 35
14 3 7
14 4 4
14 5 24
14 6 30
14 7 82
14 8 15
14 9 35
14 10 25
14 11 26
14 12 16
14 13 25
14 14 0
14 15 56
14 16 32
14 17 93
14 18 2
14 19 16
14 20 18
14 21 1
14 22 7
14 23 32
14 24 16
14 25 13
14 26 2
14 27 9
14 28 12
14 29 35
14 30 14
14 31 0
14 32 18
14 33 31
14 34 3
14 35 397
14 36 24
14 37 5
14 38 39
14 39 32
14 40 30
14 41 7
14 42 14
14 43 12
14 44 18
14 45 31
14 46 10
14 47 36
14 48 18
14 49 27
14 50 2
14 51 110
14 52 20
14 53 2
14 54 23
14 55 9
14 56 49
14 57 12
15 0 13
15 1 13
15 2 3
15 3 17
15 4 4
15 5 17
15 6 23
15 7 51
15 8 14
15 9 70
15 10 15
15 11 32
15 12 5
15 13 21
15 14 56
15 15 0
15 16 12
15 17 3
15 18 10
15 19 5
15 20 22
15 21 101
15 22 17
15 23 12
15 24 9
15 25 15
15 26 10
15 27 27
15 28 18
15 29 3
15 30 0
15 31 12
15 32 14
15 33 16
15 34 7
15 35 9
15 36 18
15 37 10
15 38 16
15 39 45
15 40 4
15 41 37
15 42 14
15 43 0
15 44 26
15 45 2
15 46 17
15 47 5
15 48 8
15 49 11
15 50 40
15 51 43
15 52 28
15 53 17
15 54 24
15 55 4
15 56 35
15 57 8
16 0 20
16 1 15
16 2 38
16 3 21
16 4 17
16 5 31
16 6 31
16 7 4
16 8 2
16 9 6
16 10 2
16 11 10
16 12 1
16 13 22
16 14 15
16 15 9
16 16 0
16 17 8
16 18 39
16 19 29
16 20 49
16 21 3
16 22 8
16 23 36
16 24 125
16 25 25
16 26 14
16 27 22
16 28 29
16 29 13
16 30 140
16 31 31
16 32 0
16 33 33
16 34 15
16 35 12
16 36 20
16 37 67
16 38 68
16 39 10
16 40 6
16 41 19
16 42 24
16 43 16
16 44 14
16 45 4
16 46 17
16 47 27
16 48 186
16 49 44
16 50 28
16 51 34
16 52 40
16 53 12
16 54 27
16 55 100
16 56 6
16 57 155
17 0 14
17 1 12
17 2 55
17 3 21
17 4 29
17 5 34
17 6 13
17 7 0
17 8 1
17 9 33
17 10 25
17 11 14
17 12 23
17 13 11
17 14 52
17 15 10
17 16 17
17 17 0
17 18 8
17 19 11
17 20 60
17 21 66
17 22 27
17 23 67
17 24 20
17 25 9
17 26 0
17 27 47
17 28 34
17 29 45
17 30 32
17 31 26
17 32 27
17 33 33
17 34 19
17 35 105
17 36 19
17 37 14
17 38 0
17 39 11
17 40 4
17 41 43
17 42 12
17 43 10
17 44 30
17 45 54
17 46 20
17 47 21
17 48 29
17 49 29
17 50 63
17 51 312
17 52 21
17 53 23
17 54 7
17 55 26
17 56 47
17 57 40
18 0 49
18 1 18
18 2 7
18 3 13
18 4 8
18 5 32
18 6 2
18 7 5
18 8 15
18 9 17
18 10 15
18 11 11
18 12 35
18 13 20
18 14 26
18 15 11
18 16 153
18 17 12
18 18 0
18 19 42
18 20 52
18 21 11
18 22 22
18 23 24
18 24 90
18 25 0
18 26 40
18 27 1
18 28 14
18 29 21
18 30 95
18 31 32
18 32 2
18 33 43
18 34 47
18 35 28
18 36 1
18 37 107
18 38 21
18 39 4
18 40 48
18 41 14
18 42 75
18 43 66
18 44 7
18 45 48
18 46 32
18 47 46
18 48 109
18 49 22
18 50 11
18 51 9
18 52 10
18 53 8
18 54 5
18 55 168
18 56 33
18 57 3
19 0 62
19 1 12
19 2 64
19 3 10
19 4 24
19 5 72
19 6 8
19 7 14
19 8 9
19 9 14
19 10 2
19 11 27
19 12 28
19 13 56
19 14 31
19 15 35
19 16 20
19 17 61
19 18 1
19 19 0
19 20 0
19 21 47
19 22 21
19 23 62
19 24 42
19 25 1
19 26 10
19 27 26
19 28 71
19 29 15
19 30 2
19 31 30
19 32 76
19 33 19
19 34 24
19 35 12
19 36 16
19 37 8
19 38 25
19 39 16
19 40 45
19 41 19
19 42 7
19 43 3
19 44 47
19 45 2
19 46 12
19 47 13
19 48 36
19 49 29
19 50 18
19 51 57
19 52 0
19 53 21
19 54 10
19 55 28
19 56 96
19 57 34
20 0 0
20 1 21
20 2 27
20 3 38
20 4 0
20 5 16
20 6 13
20 7 9
20 8 3
20 9 7
20 10 7
20 11 5
20 12 28
20 13 28
20 14 5
20 15 17
20 16 45
20 17 44
20 18 46
20 19 47
20 20 0
20 21 20
20 22 11
20 23 67
20 24 20
20 25 19
20 26 23
20 27 130
20 28 16
20 29 174
20 30 1
20 31 28
20 32 4
20 33 113
20 34 0
20 35 45
20 36 15
20 37 43
20 38 36
20 39 11
20 40 367
20 41 30
20 42 14
20 43 14
20 44 15
20 45 441
20 46 58
20 47 51
20 48 48
20 49 28
20 50 22
20 51 23
20 52 4
20 53 44
20 54 34
20 55 44
20 56 43
20 57 30
21 0 30
21 1 8
21 2 0
21 3 9
21 4 8
21 5 7
21 6 28
21 7 92
21 8 5
21 9 43
21 10 17
21 11 31
21 12 8
21 13 5
21 14 19
21 15 12
21 16 2
21 17 47
21 18 5
21 19 14
21 20 11
21 21 0
21 22 19
21 23 37
21 24 13
21 25 35
21 26 9
21 27 5
21 28 37
21 29 6
21 30 15
21 31 8
21 32 11
21 33 6
21 34 5
21 35 69
21 36 2
21 37 10
21 38 1
21 39 44
21 40 31
21 41 51
21 42 20
21 43 7
21 44 11
21 45 11
21 46 3
21 47 13
21 48 19
21 49 16
21 50 53
21 51 17
21 52 9
21 53 1
21 54 29
21 55 13
21 56 41
21 57 12
22 0 6
22 1 1
22 2 18
22 3 204
22 4 9
22 5 15
22 6 19
22 7 9
22 8 14
22 9 17
22 10 12
22 11 17
22 12 4
22 13 5
22 14 4
22 15 13
22 16 24
22 17 19
22 18 2
22 19 24
22 20 20
22 21 18
22 22 0
22 23 9
22 24 4
22 25 3
22 26 15
22 27 21
22 28 16
22 29 34
22 30 13
22 31 2
22 32 10
22 33 65
22 34 13
22 35 5
22 36 86
22 37 30
22 38 31
22 39 13
22 40 34
22 41 16
22 42 18
22 43 5
22 44 0
22 45 38
22 46 24
22 47 16
22 48 19
22 49 34
22 50 21
22 51 29
22 52 5
22 53 44
22 54 33
22 55 20
22 56 19
22 57 31
23 0 23
23 1 1
23 2 90
23 3 4
23 4 18
23 5 18
23 6 4
23 7 16
23 8 15
23 9 9
23 10 23
23 11 33
23 12 1
23 13 2
23 14 9
23 15 4
23 16 39
23 17 16
23 18 18
23 19 27
23 20 27
23 21 29
23 22 30
23 23 0
23 24 8
23 25 9
23 26 6
23 27 78
23 28 0
23 29 15
23 30 23
23 31 7
23 32 32
23 33 14
23 34 1
23 35 59
23 36 10
23 37 30
23 38 54
23 39 36
23 40 10
23 41 0
23 42 29
23 43 19
23 44 5
23 45 48
23 46 16
23 47 38
23 48 8
23 49 12
23 50 3
23 51 60
23 52 48
23 53 20
23 54 15
23 55 22
23 56 15
23 57 27
24 0 51
24 1 14
24 2 51
24 3 0
24 4 9
24 5 135
24 6 36
24 7 7
24 8 3
24 9 6
24 10 34
24 11 4
24 12 10
24 13 24
24 14 26
24 15 10
24 16 260
24 17 17
24 18 25
24 19 40
24 20 80
24 21 23
24 22 5
24 23 4
24 24 0
24 25 15
24 26 6
24 27 68
24 28 9
24 29 54
24 30 17
24 31 17
24 32 44
24 33 6
24 34 21
24 35 7
24 36 6
24 37 54
24 38 74
24 39 29
24 40 96
24 41 32
24 42 47
24 43 33
24 44 57
24 45 8
24 46 60
24 47 69
24 48 95
24 49 17
24 50 18
24 51 15
24 52 70
24 53 26
24 54 16
24 55 121
24 56 31
24 57 312
25 0 35
25 1 12
25 2 45
25 3 12
25 4 12
25 5 39
25 6 117
25 7 41
25 8 21
25 9 27
25 10 6
25 11 3
25 12 79
25 13 1
25 14 2
25 15 19
25 16 23
25 17 2
25 18 13
25 19 11
25 20 12
25 21 5
25 22 8
25 23 21
25 24 23
25 25 0
25 26 4
25 27 30
25 28 31
25 29 8
25 30 0
25 31 104
25 32 81
25 33 4
25 34 8
25 35 5
25 36 14
25 37 8
25 38 8
25 39 49
25 40 2
25 41 19
25 42 7
25 43 13
25 44 22
25 45 19
25 46 7
25 47 0
25 48 9
25 49 2
25 50 19
25 51 14
25 52 0
25 53 14
25 54 0
25 55 17
25 56 23
25 57 13
26 0 25
26 1 341
26 2 3
26 3 21
26 4 15
26 5 24
26 6 26
26 7 11
26 8 154
26 9 3
26 10 19
26 11 3
26 12 0
26 13 26
26 14 6
26 15 13
26 16 34
26 17 13
26 18 42
26 19 8
26 20 28
26 21 9
26 22 13
26 23 10
26 24 6
26 25 12
26 26 0
26 27 25
26 28 12
26 29 10
26 30 12
26 31 9
26 32 14
26 33 13
26 34 55
26 35 14
26 36 11
26 37 7
26 38 10
26 39 8
26 40 29
26 41 4
26 42 7
26 43 33
26 44 9
26 45 17
26 46 0
26 47 1
26 48 0
26 49 4
26 50 3
26 51 11
26 52 22
26 53 5
26 54 8
26 55 38
26 56 8
26 57 11
27 0 31
27 1 15
27 2 54
27 3 22
27 4 4
27 5 51
27 6 2
27 7 30
27 8 7
27 9 12
27 10 26
27 11 22
27 12 10
27 13 3
27 14 16
27 15 17
27 16 43
27 17 43
27 18 4
27 19 5
27 20 78
27 21 28
27 22 3
27 23 71
27 24 47
27 25 18
27 26 13
27 27 0
27 28 15
27 29 220
27 30 78
27 31 0
27 32 38
27 33 53
27 34 20
27 35 14
27 36 26
27 37 7
27 38 79
27 39 23
27 40 151
27 41 8
27 42 17
27 43 22
27 44 2
27 45 36
27 46 11
27 47 70
27 48 51
27 49 46
27 50 0
27 51 40
27 52 167
27 53 2
27 54 19
27 55 8
27 56 43
27 57 46
28 0 26
28 1 8
28 2 36
28 3 5
28 4 4
28 5 8
28 6 22
28 7 2
28 8 15
28 9 15
28 10 0
28 11 43
28 12 8
28 13 36
28 14 30
28 15 26
28 16 9
28 17 33
28 18 28
28 19 13
28 20 11
28 21 42
28 22 16
28 23 61
28 24 22
28 25 0
28 26 1
28 27 2
28 28 0
28 29 18
28 30 10
28 31 35
28 32 69
28 33 15
28 34 23
28 35 37
28 36 4
28 37 4
28 38 1
28 39 56
28 40 14
28 41 2
28 42 11
28 43 17
28 44 11
28 45 5
28 46 24
28 47 32
28 48 13
28 49 16
28 50 24
28 51 53
28 52 35
28 53 6
28 54 13
28 55 4
28 56 5
28 57 6
29 0 5
29 1 0
29 2 34
29 3 6
29 4 3
29 5 9
29 6 27
29 7 1
29 8 15
29 9 12
29 10 21
29 11 5
29 12 19
29 13 30
29 14 35
29 15 23
29 16 61
29 17 73
29 18 47
29 19 59
29 20 25
29 21 10
29 22 6
29 23 64
29 24 72
29 25 3
29 26 2
29 27 9
29 28 16
29 29 0
29 30 45
29 31 18
29 32 11
29 33 59
29 34 30
29 35 9
29 36 43
29 37 13
29 38 65
29 39 7
29 40 171
29 41 22
29 42 6
29 43 31
29 44 25
29 45 56
29 46 27
29 47 73
29 48 15
29 49 37
29 50 21
29 51 25
29 52 81
29 53 42
29 54 52
29 55 34
29 56 51
29 57 12
30 0 11
30 1 7
30 2 10
30 3 27
30 4 118
30 5 5
30 6 7
30 7 17
30 8 22
30 9 16
30 10 37
30 11 13
30 12 26
30 13 20
30 14 15
30 15 19
30 16 45
30 17 20
30 18 78
30 19 6
30 20 25
30 21 17
30 22 8
30 23 8
30 24 37
30 25 19
30 26 37
30 27 6
30 28 18
30 29 2
30 30 0
30 31 1
30 32 25
30 33 20
30 34 35
30 35 20
30 36 17
30 37 1
30 38 54
30 39 21
30 40 54
30 41 17
30 42 14
30 43 11
30 44 16
30 45 56
30 46 114
30 47 29
30 48 272
30 49 58
30 50 17
30 51 31
30 52 6
30 53 2
30 54 33
30 55 40
30 56 30
30 57 36
31 0 58
31 1 17
31 2 8
31 3 8
31 4 12
31 5 15
31 6 97
31 7 23
31 8 7
31 9 2
31 10 0
31 11 21
31 12 105
31 13 19
31 14 12
31 15 1
31 16 20
31 17 29
31 18 8
31 19 27
31 20 10
31 21 19
31 22 12
31 23 22
31 24 3
31 25 150
31 26 13
31 27 32
31 28 11
31 29 8
31 30 20
31 31 0
31 32 1
31 33 17
31 34 4
31 35 4
31 36 2
31 37 3
31 38 0
31 39 16
31 40 20
31 41 1
31 42 28
31 43 7
31 44 1
31 45 5
31 46 0
31 47 8
31 48 5
31 49 11
31 50 0
31 51 12
31 52 28
31 53 19
31 54 20
31 55 38
31 56 1
31 57 15
32 0 93
32 1 2
32 2 78
32 3 2
32 4 15
32 5 34
32 6 317
32 7 33
32 8 26
32 9 21
32 10 15
32 11 14
32 12 78
32 13 278
32 14 25
32 15 6
32 16 2
32 17 23
32 18 12
32 19 40
32 20 19
32 21 15
32 22 17
32 23 1
32 24 1
32 25 61
32 26 20
32 27 30
32 28 5
32 29 20
32 30 3
32 31 32
32 32 0
32 33 10
32 34 22
32 35 10
32 36 15
32 37 22
32 38 3
32 39 16
32 40 32
32 41 21
32 42 3
32 43 22
32 44 91
32 45 13
32 46 1
32 47 21
32 48 9
32 49 13
32 50 25
32 51 5
32 52 9
32 53 4
32 54 14
32 55 17
32 56 8
32 57 40
33 0 0
33 1 17
33 2 28
33 3 45
33 4 31
33 5 19
33 6 16
33 7 24
33 8 21
33 9 22
33 10 4
33 11 1
33 12 5
33 13 17
33 14 18
33 15 22
33 16 41
33 17 39
33 18 5
33 19 15
33 20 40
33 21 6
33 22 1
33 23 32
33 24 38
33 25 14
33 26 15
33 27 46
33 28 22
33 29 31
33 30 28
33 31 10
33 32 3
33 33 0
33 34 2
33 35 23
33 36 28
33 37 49
33 38 47
33 39 9
33 40 65
33 41 17
33 42 14
33 43 18
33 44 23
33 45 47
33 46 0
33 47 92
33 48 1
33 49 61
33 50 12
33 51 35
33 52 18
33 53 134
33 54 31
33 55 20
33 56 24
33 57 19
34 0 42
34 1 13
34 2 36
34 3 11
34 4 4
34 5 20
34 6 41
34 7 13
34 8 30
34 9 11
34 10 1
34 11 4
34 12 40
34 13 17
34 14 20
34 15 3
34 16 43
34 17 15
34 18 35
34 19 31
34 20 19
34 21 20
34 22 3
34 23 11
34 24 13
34 25 30
34 26 3
34 27 15
34 28 6
34 29 23
34 30 17
34 31 38
34 32 6
34 33 2
34 34 0
34 35 9
34 36 7
34 37 23
34 38 17
34 39 14
34 40 3
34 41 8
34 42 169
34 43 389
34 44 15
34 45 2
34 46 5
34 47 28
34 48 19
34 49 19
34 50 16
34 51 15
34 52 19
34 53 19
34 54 2
34 55 55
34 56 6
34 57 21
35 0 22
35 1 5
35 2 18
35 3 3
35 4 24
35 5 21
35 6 5
35 7 4
35 8 16
35 9 38
35 10 12
35 11 7
35 12 19
35 13 15
35 14 166
35 15 50
35 16 7
35 17 159
35 18 8
35 19 21
35 20 0
35 21 56
35 22 3
35 23 83
35 24 29
35 25 8
35 26 14
35 27 25
35 28 52
35 29 46
35 30 6
35 31 8
35 32 12
35 33 10
35 34 0
35 35 0
35 36 33
35 37 5
35 38 35
35 39 32
35 40 8
35 41 36
35 42 7
35 43 2
35 44 33
35 45 22
35 46 23
35 47 9
35 48 27
35 49 25
35 50 110
35 51 421
35 52 0
35 53 12
35 54 0
35 55 12
35 56 66
35 57 32
36 0 13
36 1 10
36 2 32
36 3 53
36 4 10
36 5 28
36 6 17
36 7 8
36 8 12
36 9 26
36 10 10
36 11 20
36 12 6
36 13 8
36 14 33
36 15 22
36 16 1
36 17 0
36 18 3
36 19 33
36 20 13
36 21 27
36 22 54
36 23 38
36 24 10
36 25 0
36 26 6
36 27 30
36 28 9
36 29 27
36 30 22
36 31 17
36 32 4
36 33 18
36 34 17
36 35 17
36 36 0
36 37 3
36 38 34
36 39 10
36 40 41
36 41 20
36 42 6
36 43 1
36 44 4
36 45 39
36 46 11
36 47 14
36 48 25
36 49 57
36 50 21
36 51 28
36 52 9
36 53 47
36 54 170
36 55 12
36 56 22
36 57 4
37 0 12
37 1 59
37 2 9
37 3 16
37 4 185
37 5 21
37 6 20
37 7 7
37 8 66
37 9 12
37 10 5
37 11 14
37 12 14
37 13 1
37 14 20
37 15 0
37 16 7
37 17 5
37 18 29
37 19 7
37 20 12
37 21 4
37 22 24
37 23 14
37 24 52
37 25 3
37 26 60
37 27 21
37 28 4
37 29 9
37 30 89
37 31 26
37 32 16
37 33 25
37 34 6
37 35 24
37 36 20
37 37 0
37 38 28
37 39 14
37 40 33
37 41 5
37 42 43
37 43 17
37 44 35
37 45 35
37 46 130
37 47 18
37 48 101
37 49 32
37 50 4
37 51 19
37 52 4
37 53 30
37 54 0
37 55 35
37 56 1
37 57 10
38 0 5
38 1 14
38 2 12
38 3 18
38 4 47
38 5 84
38 6 12
38 7 18
38 8 7
38 9 30
38 10 0
38 11 15
38 12 12
38 13 1
38 14 29
38 15 23
38 16 29
38 17 21
38 18 70
38 19 14
38 20 50
38 21 19
38 22 27
38 23 16
38 24 57
38 25 10
38 26 3
38 27 214
38 28 8
38 29 28
38 30 61
38 31 2
38 32 1
38 33 18
38 34 8
38 35 4
38 36 30
38 37 8
38 38 0
38 39 19
38 40 88
38 41 21
38 42 37
38 43 20
38 44 22
38 45 49
38 46 47
38 47 23
38 48 3
38 49 18
38 50 21
38 51 35
38 52 72
38 53 7
38 54 3
38 55 94
38 56 51
38 57 211
39 0 28
39 1 9
39 2 3
39 3 19
39 4 13
39 5 2
39 6 31
39 7 98
39 8 0
39 9 51
39 10 11
39 11 41
39 12 7
39 13 16
39 14 14
39 15 9
39 16 5
39 17 31
39 18 10
39 19 52
39 20 24
39 21 12
39 22 8
39 23 6
39 24 15
39 25 15
39 26 11
39 27 34
39 28 29
39 29 14
39 30 0
39 31 29
39 32 53
39 33 5
39 34 10
39 35 8
39 36 18
39 37 13
39 38 20
39 39 0
39 40 3
39 41 29
39 42 26
39 43 10
39 44 19
39 45 9
39 46 3
39 47 3
39 48 16
39 49 9
39 50 22
39 51 4
39 52 22
39 53 2
39 54 20
39 55 27
39 56 45
39 57 19
40 0 40
40 1 4
40 2 35
40 3 0
40 4 49
40 5 2
40 6 23
40 7 16
40 8 13
40 9 20
40 10 32
40 11 6
40 12 19
40 13 25
40 14 2
40 15 25
40 16 13
40 17 21
40 18 34
40 19 16
40 20 545
40 21 20
40 22 34
40 23 41
40 24 47
40 25 23
40 26 20
40 27 77
40 28 11
40 29 94
40 30 83
40 31 14
40 32 8
40 33 135
40 34 15
40 35 44
40 36 59
40 37 41
40 38 95
40 39 4
40 40 0
40 41 8
40 42 32
40 43 15
40 44 32
40 45 234
40 46 1
40 47 81
40 48 21
40 49 34
40 50 8
40 51 31
40 52 28
40 53 61
40 54 7
40 55 1
40 56 39
40 57 78
41 0 19
41 1 10
41 2 21
41 3 0
41 4 16
41 5 28
41 6 22
41 7 21
41 8 0
41 9 18
41 10 19
41 11 50
41 12 20
41 13 7
41 14 51
41 15 10
41 16 0
41 17 8
41 18 7
41 19 9
41 20 34
41 21 29
41 22 34
41 23 4
41 24 18
41 25 1
41 26 0
41 27 22
41 28 14
41 29 24
41 30 10
41 31 15
41 32 2
41 33 6
41 34 13
41 35 33
41 36 54
41 37 10
41 38 31
41 39 10
41 40 47
41 41 0
41 42 4
41 43 6
41 44 27
41 45 49
41 46 13
41 47 44
41 48 26
41 49 35
41 50 19
41 51 64
41 52 13
41 53 17
41 54 16
41 55 12
41 56 2
41 57 11
42 0 4
42 1 39
42 2 40
42 3 19
42 4 11
42 5 17
42 6 20
42 7 20
42 8 19
42 9 17
42 10 17
42 11 0
42 12 19
42 13 19
42 14 23
42 15 17
42 16 21
42 17 16
42 18 46
42 19 24
42 20 0
42 21 6
42 22 21
42 23 23
42 24 51
42 25 37
42 26 32
42 27 15
42 28 6
42 29 12
42 30 15
42 31 43
42 32 0
42 33 4
42 34 126
42 35 9
42 36 3
42 37 48
42 38 12
42 39 5
42 40 19
42 41 5
42 42 0
42 43 125
42 44 45
42 45 19
42 46 3
42 47 1
42 48 41
42 49 21
42 50 9
42 51 17
42 52 3
42 53 6
42 54 16
42 55 59
42 56 20
42 57 16
43 0 3
43 1 12
43 2 21
43 3 12
43 4 41
43 5 3
43 6 39
43 7 3
43 8 1
43 9 4
43 10 10
43 11 12
43 12 40
43 13 39
43 14 20
43 15 16
43 16 37
43 17 7
43 18 16
43 19 15
43 20 7
43 21 0
43 22 19
43 23 24
43 24 31
43 25 7
43 26 66
43 27 24
43 28 25
43 29 18
43 30 8
43 31 32
43 32 21
43 33 22
43 34 477
43 35 5
43 36 10
43 37 31
43 38 2
43 39 0
43 40 26
43 41 2
43 42 167
43 43 0
43 44 43
43 45 7
43 46 2
43 47 27
43 48 27
43 49 5
43 50 18
43 51 17
43 52 24
43 53 19
43 54 5
43 55 45
43 56 20
43 57 0
44 0 87
44 1 18
44 2 84
44 3 7
44 4 23
44 5 58
44 6 125
44 7 7
44 8 28
44 9 24
44 10 5
44 11 7
44 12 0
44 13 19
44 14 21
44 15 14
44 16 25
44 17 29
44 18 32
44 19 29
44 20 16
44 21 13
44 22 5
44 23 22
44 24 41
44 25 58
44 26 0
44 27 39
44 28 36
44 29 19
44 30 17
44 31 39
44 32 106
44 33 14
44 34 19
44 35 5
44 36 23
44 37 33
44 38 74
44 39 3
44 40 41
44 41 15
44 42 53
44 43 23
44 44 0
44 45 11
44 46 3
44 47 1
44 48 31
44 49 17
44 50 12
44 51 12
44 52 71
44 53 0
44 54 17
44 55 56
44 56 1
44 57 24
45 0 12
45 1 19
45 2 22
45 3 38
45 4 6
45 5 21
45 6 14
45 7 14
45 8 22
45 9 15
45 10 31
45 11 18
45 12 11
45 13 2
45 14 37
45 15 22
45 16 8
45 17 54
45 18 40
45 19 15
45 20 184
45 21 24
45 22 5
45 23 64
45 24 8
45 25 23
45 26 15
45 27 99
45 28 26
45 29 83
45 30 22
45 31 5
45 32 27
45 33 27
45 34 20
45 35 35
45 36 61
45 37 40
45 38 29
45 39 14
45 40 61
45 41 33
45 42 8
45 43 22
45 44 43
45 45 0
45 46 36
45 47 206
45 48 4
45 49 27
45 50 29
45 51 4
45 52 65
45 53 36
45 54 57
45 55 7
45 56 28
45 57 11
46 0 11
46 1 40
46 2 8
46 3 36
46 4 241
46 5 34
46 6 17
46 7 6
46 8 27
46 9 19
46 10 24
46 11 6
46 12 16
46 13 24
46 14 12
46 15 2
46 16 21
46 17 16
46 18 43
46 19 6
46 20 5
46 21 12
46 22 3
46 23 14
46 24 17
46 25 14
46 26 32
46 27 46
46 28 24
46 29 15
46 30 15
46 31 22
46 32 27
46 33 45
46 34 0
46 35 18
46 36 21
46 37 22
46 38 8
46 39 16
46 40 59
46 41 10
46 42 17
46 43 38
46 44 25
46 45 21
46 46 0
46 47 55
46 48 87
46 49 29
46 50 17
46 51 0
46 52 40
46 53 59
46 54 26
46 55 54
46 56 12
46 57 44
47 0 21
47 1 0
47 2 2
47 3 43
47 4 31
47 5 11
47 6 7
47 7 7
47 8 25
47 9 22
47 10 12
47 11 21
47 12 15
47 13 2
47 14 11
47 15 17
47 16 16
47 17 36
47 18 8
47 19 45
47 20 172
47 21 4
47 22 45
47 23 51
47 24 12
47 25 4
47 26 5
47 27 66
47 28 19
47 29 109
47 30 46
47 31 8
47 32 29
47 33 47
47 34 9
47 35 40
47 36 26
47 37 4
47 38 0
47 39 10
47 40 28
47 41 52
47 42 27
47 43 20
47 44 29
47 45 57
47 46 32
47 47 0
47 48 23
47 49 27
47 50 1
47 51 48
47 52 9
47 53 15
47 54 70
47 55 31
47 56 19
47 57 23
48 0 16
48 1 0
48 2 15
48 3 14
48 4 7
48 5 48
48 6 0
48 7 20
48 8 14
48 9 14
48 10 28
48 11 14
48 12 8
48 13 15
48 14 29
48 15 12
48 16 184
48 17 21
48 18 84
48 19 26
48 20 85
48 21 4
48 22 6
48 23 30
48 24 20
48 25 3
48 26 6
48 27 57
48 28 5
48 29 43
48 30 95
48 31 26
48 32 26
48 33 29
48 34 8
48 35 30
48 36 34
48 37 27
48 38 15
48 39 4
48 40 36
48 41 29
48 42 10
48 43 7
48 44 33
48 45 19
48 46 38
48 47 3
48 48 0
48 49 49
48 50 17
48 51 26
48 52 69
48 53 1
48 54 8
48 55 74
48 56 14
48 57 156
49 0 4
49 1 16
49 2 10
49 3 190
49 4 18
49 5 10
49 6 18
49 7 21
49 8 16
49 9 20
49 10 113
49 11 10
49 12 5
49 13 18
49 14 28
49 15 21
49 16 29
49 17 35
49 18 23
49 19 21
49 20 40
49 21 21
49 22 32
49 23 2
49 24 42
49 25 17
49 26 20
49 27 9
49 28 22
49 29 53
49 30 28
49 31 9
49 32 3
49 33 78
49 34 20
49 35 22
49 36 48
49 37 15
49 38 22
49 39 11
49 40 29
49 41 1
49 42 1
49 43 11
49 44 20
49 45 69
49 46 38
49 47 7
49 48 23
49 49 0
49 50 20
49 51 29
49 52 27
49 53 12
49 54 12
49 55 20
49 56 17
49 57 8
50 0 16
50 1 5
50 2 13
50 3 20
50 4 15
50 5 5
50 6 24
50 7 21
50 8 2
50 9 22
50 10 27
50 11 193
50 12 3
50 13 16
50 14 92
50 15 98
50 16 10
50 17 1
50 18 12
50 19 3
50 20 15
50 21 225
50 22 0
50 23 8
50 24 1
50 25 2
50 26 12
50 27 6
50 28 47
50 29 6
50 30 2
50 31 21
50 32 27
50 33 5
50 34 3
50 35 89
50 36 13
50 37 3
50 38 18
50 39 44
50 40 17
50 41 61
50 42 11
50 43 0
50 44 23
50 45 14
50 46 9
50 47 0
50 48 1
50 49 18
50 50 0
50 51 80
50 52 25
50 53 5
50 54 27
50 55 0
50 56 15
50 57 26
51 0 29
51 1 8
51 2 34
51 3 18
51 4 19
51 5 24
51 6 15
51 7 15
51 8 18
51 9 33
51 10 18
51 11 64
51 12 23
51 13 21
51 14 195
51 15 25
51 16 23
51 17 309
51 18 3
51 19 51
51 20 49
51 21 46
51 22 3
51 23 47
51 24 20
51 25 12
51 26 7
51 27 11
51 28 39
51 29 8
51 30 12
51 31 6
51 32 2
51 33 31
51 34 14
51 35 483
51 36 42
51 37 10
51 38 2
51 39 35
51 40 21
51 41 10
51 42 8
51 43 8
51 44 14
51 45 17
51 46 22
51 47 32
51 48 8
51 49 32
51 50 35
51 51 0
51 52 35
51 53 1
51 54 50
51 55 4
51 56 65
51 57 27
52 0 24
52 1 7
52 2 109
52 3 24
52 4 13
52 5 223
52 6 14
52 7 34
52 8 24
52 9 25
52 10 29
52 11 33
52 12 22
52 13 52
52 14 24
52 15 22
52 16 63
52 17 12
52 18 10
52 19 41
52 20 46
52 21 23
52 22 32
52 23 62
52 24 124
52 25 0
52 26 15
52 27 14
52 28 29
52 29 89
52 30 15
52 31 18
52 32 22
52 33 35
52 34 2
52 35 28
52 36 21
52 37 10
52 38 10
52 39 30
52 40 40
52 41 40
52 42 34
52 43 26
52 44 38
52 45 40
52 46 44
52 47 18
52 48 47
52 49 4
52 50 4
52 51 53
52 52 0
52 53 36
52 54 10
52 55 44
52 56 55
52 57 121
53 0 11
53 1 12
53 2 20
53 3 15
53 4 34
53 5 27
53 6 3
53 7 7
53 8 12
53 9 14
53 10 3
53 11 15
53 12 15
53 13 10
53 14 7
53 15 10
53 16 5
53 17 6
53 18 31
53 19 29
53 20 25
53 21 16
53 22 46
53 23 13
53 24 29
53 25 3
53 26 7
53 27 2
53 28 1
53 29 1
53 30 21
53 31 4
53 32 10
53 33 44
53 34 25
53 35 13
53 36 1
53 37 19
53 38 15
53 39 3
53 40 3
53 41 33
53 42 1
53 43 8
53 44 21
53 45 11
53 46 53
53 47 11
53 48 9
53 49 53
53 50 11
53 51 19
53 52 27
53 53 0
53 54 33
53 55 3
53 56 13
53 57 35
54 0 21
54 1 7
54 2 28
54 3 33
54 4 15
54 5 33
54 6 14
54 7 20
54 8 13
54 9 16
54 10 95
54 11 23
54 12 11
54 13 0
54 14 26
54 15 12
54 16 27
54 17 54
54 18 3
54 19 19
54 20 7
54 21 30
54 22 28
54 23 42
54 24 12
54 25 21
54 26 12
54 27 24
54 28 11
54 29 2
54 30 29
54 31 5
54 32 17
54 33 36
54 34 10
54 35 47
54 36 26
54 37 10
54 38 9
54 39 0
54 40 24
54 41 72
54 42 18
54 43 19
54 44 21
54 45 54
54 46 23
54 47 67
54 48 12
54 49 24
54 50 29
54 51 39
54 52 17
54 53 26
54 54 0
54 55 26
54 56 30
54 57 4
55 0 62
55 1 36
55 2 23
55 3 24
55 4 22
55 5 75
55 6 38
55 7 16
55 8 7
55 9 12
55 10 21
55 11 2
55 12 13
55 13 28
55 14 15
55 15 21
55 16 20
55 17 31
55 18 76
55 19 50
55 20 34
55 21 25
55 22 14
55 23 27
55 24 123
55 25 28
55 26 14
55 27 66
55 28 3
55 29 39
55 30 62
55 31 3
55 32 37
55 33 40
55 34 50
55 35 24
55 36 3
55 37 50
55 38 23
55 39 1
55 40 35
55 41 10
55 42 35
55 43 13
55 44 57
55 45 28
55 46 2
55 47 46
55 48 61
55 49 3
55 50 11
55 51 3
55 52 59
55 53 17
55 54 13
55 55 0
55 56 26
55 57 91
56 0 26
56 1 3
56 2 85
56 3 3
56 4 25
56 5 24
56 6 33
56 7 14
56 8 21
56 9 25
56 10 3
56 11 16
56 12 11
56 13 57
56 14 14
56 15 11
56 16 33
56 17 46
56 18 11
56 19 178
56 20 3
56 21 10
56 22 21
56 23 32
56 24 24
56 25 13
56 26 6
56 27 0
56 28 154
56 29 20
56 30 30
56 31 18
56 32 62
56 33 17
56 34 12
56 35 31
56 36 23
56 37 12
56 38 18
56 39 8
56 40 25
56 41 26
56 42 8
56 43 22
56 44 17
56 45 34
56 46 16
56 47 6
56 48 35
56 49 9
56 50 27
56 51 24
56 52 20
56 53 17
56 54 16
56 55 38
56 56 0
56 57 1
57 0 55
57 1 26
57 2 88
57 3 35
57 4 55
57 5 75
57 6 39
57 7 27
57 8 18
57 9 11
57 10 28
57 11 1
57 12 0
57 13 2
57 14 30
57 15 24
57 16 23
57 17 31
57 18 20
57 19 23
57 20 20
57 21 7
57 22 25
57 23 1
57 24 1043
57 25 26
57 26 35
57 27 121
57 28 2
57 29 66
57 30 96
57 31 8
57 32 0
57 33 24
57 34 21
57 35 18
57 36 15
57 37 19
57 38 75
57 39 20
57 40 100
57 41 6
57 42 52
57 43 22
57 44 2
57 45 9
57 46 50
57 47 30
57 48 124
57 49 34
57 50 17
57 51 17
57 52 130
57 53 9
57 54 30
57 55 112
57 56 13
57 57 0
